73064 34227 8327
13435 97001 9334
93949 50233 8973
69198 42042 1876
87325 63820 6415
27338 18699 18
11660 68365 8017
97848 82706 521
89297 10505 7590
66252 16642 6075
84772 25761 3818
14398 63801 336
74938 32673 4786
73968 47224 6154
82471 64115 7751
89713 75975 772
13591 40887 4144
54129 74317 5563
91836 98542 2040
31601 49234 6432
78983 92062 444
25422 89599 8875
58949 81649 3570
80210 79617 373
20087 58100 6270
50815 88237 6109
10829 73156 4027
52871 60393 5656
91521 90394 85
15874 44170 4704
82863 94774 4888
74145 32715 273
22270 74404 9896
76687 85343 5273
69864 68734 388
94604 69747 9241
35262 69897 5830
39073 78106 227
43709 69699 9939
73724 27566 8789
63598 83366 2573
34781 67143 494
57392 22699 6800
17967 62926 3747
21950 85628 3150
89880 78510 7803
81972 54870 1319
23879 26039 9069
65945 92085 2751
58166 63499 4320
85476 88544 1285
79481 58416 3657
77264 22478 3701
18812 70270 9866
35707 22739 2667
27197 21137 7229
25629 73666 4755
78482 22707 7027
50695 86374 4958
37385 27109 5153
37749 66855 5746
33116 22033 1606
98132 97396 5644
92957 74218 5521
10687 19577 8900
14931 86288 5394
28148 97223 35
88240 60067 4528
90128 77795 5307
65626 98375 9793
83781 69311 6761
64338 54653 1900
16474 97029 1714
56296 46054 678
76386 27463 4191
92240 52367 5897
85276 57479 7484
33855 96141 7844
76532 48745 7773
37791 24799 8504
43941 65182 9344
88171 56424 4983
51092 55124 9917
53341 43525 1817
11820 16938 3637
48353 62757 6534
87043 90399 3621
79630 34395 9804
82252 28948 2472
85903 30348 3685
80274 25636 3310
20874 10533 1503
95335 32226 2256
45291 10966 9366
46141 22741 7786
62363 18376 2187
77512 55713 3740
56353 80715 6426
63161 77357 9916
23029 90520 4234
84233 41296 2935
55750 41970 8475
44247 20558 6940
48091 86000 1610
11036 86194 1964
93001 90800 2421
74281 83932 57
51241 43053 3657
43003 31622 8613
23739 85055 1797
83641 94774 6593
81090 35886 5989
94103 23915 5328
88194 53505 908
69506 52396 5117
40469 32159 5972
96474 53271 5538
53592 18852 9200
54807 68716 7443
77633 31758 7438
93896 21771 5314
44274 24106 8236
42417 36317 9592
79349 59040 932
33324 69833 9962
32595 83580 8662
76113 69643 2211
96347 95680 9642
32947 53162 808
77170 70950 7755
66592 75381 9650
91564 53804 6317
54062 73971 3708
42477 26165 7721
53281 49061 5955
63792 42528 4915
32877 29896 8614
38888 95102 4471
18287 47550 9511
67202 67092 6157
72706 37824 1565
90252 78790 3976
48383 51759 6655
68649 98699 2477
63568 95513 6734
92442 31854 1601
93605 57778 9913
92622 73733 1531
73374 41789 6614
98441 80979 8024
73128 17450 6638
75528 93208 6822
93239 55699 8193
49633 56716 1195
44973 70623 6645
26874 90794 9679
33668 83488 4251
65376 79750 8955
67790 17140 559
41065 77035 5216
95207 49171 958
43726 21635 9853
20330 34405 7111
54932 96898 2610
73570 66593 9462
21403 74614 1400
56436 16135 5087
67174 12424 7009
85913 72067 3856
41277 52012 5014
74589 78445 2682
71641 92576 1035
20845 44531 7762
77485 40242 4910
99503 19299 8130
16316 41037 9921
13101 62752 1597
91111 44681 8184
31697 71495 9727
70954 56584 7532
16143 30370 8906
15044 43580 3502
58738 49170 1517
88992 16510 3443
57503 20276 863
57507 62018 1660
83531 40905 3582
44371 85615 6598
18160 75180 1708
30679 22334 9216
14179 86658 8308
97244 87618 5435
32797 79827 7800
97077 23382 7664
23195 88401 6886
59742 73255 5293
28909 73369 3075
46019 76479 4269
36693 13493 5837
56645 78559 9560
74745 20758 6720
40243 62447 8984
56512 87538 6306
83863 43163 3562
65933 39076 2830
33212 48528 5574
34930 30978 3366
45084 71802 5143
73952 39680 2570
14542 35958 9852
40439 21181 9928
28078 39470 4753
20984 98005 3911
74153 15685 4631
57156 32022 779
31567 47529 1498
60010 40988 4606
21438 98438 3833
36597 17179 5258
34929 92974 53
48260 46844 7914
73106 41823 4308
38003 60967 5087
34974 19446 4984
44003 75126 8241
56032 97961 6925
92444 74575 9394
73506 52321 2478
45232 98731 9174
47265 49782 5270
52917 49761 318
81357 97001 7726
61323 34450 5961
55162 27037 6866
18822 24510 1666
40507 93024 7251
35030 28594 225
17265 28647 2857
72083 94497 3506
34793 17178 9509
87912 61090 641
16979 36417 5595
62351 82471 5359
82041 30844 7514
78351 99478 4804
32006 18180 6557
54466 44659 3703
49974 50082 4781
72714 20590 5735
32102 47144 311
21924 70662 6963
36912 88596 8807
91401 54254 3255
41117 20470 2871
11558 56255 3910
97807 50836 8617
61425 86080 2985
90572 31060 6223
60890 34911 2265
71020 72024 7984
69287 55331 2090
84670 40469 9895
15676 19029 138
56860 19908 8246
15922 80580 7002
25418 86749 778
62680 85128 6688
28277 84161 5597
38577 49492 2111
93784 65417 436
45978 12037 7470
64880 65830 7888
83129 89347 8504
74470 71679 5320
92195 10101 6305
74288 36516 3426
43996 75790 1315
78716 38815 5597
67693 61466 2677
67589 51602 5979
26664 13855 4369
61171 97113 6334
28202 90542 242
48522 57707 7256
84646 78193 2887
94604 23343 5951
89051 73171 9040
76818 91555 9222
86092 83243 9938
69251 18582 68
90194 37032 4676
55143 15954 6783
71092 16275 6770
47738 55612 4226
69319 56206 3462
78538 82566 7420
80515 60221 5760
18395 60820 7809
53712 59299 8770
89174 67078 2497
55952 61519 1593
68921 89259 9885
23194 20047 4399
37171 86545 6410
43658 16712 4736
10243 34264 7934
13417 44610 4870
48216 17813 366
27611 29672 6099
18792 18564 6479
51178 98278 4796
71247 22958 3737
54994 54620 7468
65591 47489 2265
49599 23547 875
48294 94169 602
33101 98131 2802
84727 19053 6729
26947 50826 6978
55129 91245 7350
86742 89632 3337
64491 32354 836
39060 50905 8499
23280 21871 3749
31545 47552 8006
12750 23264 3727
54416 91211 8174
20662 15027 8670
77991 27620 4333
30897 54306 4235
14133 25908 5503
67294 25590 9763
78203 76879 7358
36667 96654 1549
64356 18165 1948
37513 66339 2754
93106 10907 8046
75087 71531 8760
57620 47186 2272
24931 91696 6329
15803 38904 8550
86418 39768 4421
67346 45856 173
33304 90728 2146
48284 89870 8351
33506 12735 12
68454 39305 6132
40297 89359 426
36206 58645 4106
41072 46138 8089
42882 47763 2882
53043 51742 9238
94530 39962 4349
49552 87866 4147
65239 22505 9008
85434 28601 8207
11258 80459 2833
14402 35310 9829
77348 78782 4736
49363 41422 8756
22731 77888 663
82098 59034 4364
52765 89352 7880
15948 59257 8776
90582 21407 8943
65890 57993 2725
35101 68406 1865
40208 89522 2553
17751 51526 1286
50894 48426 7838
34306 94806 8628
55193 32555 2401
18407 10341 2912
42346 55505 3233
87067 24437 2250
48809 91753 4440
27054 22754 5667
43315 92168 395
55852 48004 2893
98370 78077 9772
84311 73713 9565
16935 62220 730
98384 75138 3984
17360 92567 6368
23153 28992 7048
43381 49676 3504
66316 43933 3709
15966 67914 8378
55973 21339 419
86231 64097 274
54690 13425 6658
38183 28599 6806
25307 49170 9961
43895 16235 7347
74672 93680 7094
33968 83292 8033
43473 78290 7775
86095 55843 6598
54387 40974 4566
64326 87112 3144
54179 44441 6892
96934 59342 7082
81002 51463 2988
27268 85466 1320
66674 41029 9507
31813 38473 5688
93485 14998 6007
12285 33227 3493
89453 85842 6072
38215 56183 6508
95934 38570 8087
60205 64607 6426
69669 39676 9068
28459 83786 1565
88922 37609 2606
46989 18799 3770
78419 48932 1857
92886 82135 3414
99603 22060 3133
69887 19996 2831
10594 30309 5834
52753 14200 3103
82928 48596 8336
81942 67590 3028
68080 59709 1024
61829 57856 8333
36602 33017 8982
16367 29919 692
34201 58151 5285
62321 34285 4280
11575 44835 5852
74505 13361 5464
98434 79525 1600
41126 87007 7122
18068 90515 6612
87069 29058 367
79453 39731 102
63585 47032 7553
71888 14422 8839
37197 46246 7473
77453 78361 493
89987 15198 5982
62388 92874 5550
14016 36484 2473
84877 53376 1899
66770 52092 1748
10032 29484 3785
98125 30077 9941
55193 62873 6062
49483 55033 6250
80046 28730 7978
28277 28665 8713
53652 96564 8189
34087 38508 411
66563 61674 2020
17432 84701 7051
82634 80381 5045
39973 36796 3358
10822 21004 3397
12798 66232 415
40210 17211 8612
27952 90224 7861
54118 27290 6157
99101 84602 3601
15708 26563 4755
58258 25088 1654
30334 17516 6334
87624 19542 1098
86213 21364 1375
26653 24020 9453
12279 71271 6314
90226 75949 9786
85203 99519 4545
73851 92581 3293
82026 79761 8938
55622 98869 5870
41968 54798 7785
54812 58773 3105
94255 61318 6163
39262 39309 6444
37819 43936 7317
18414 44587 2239
42699 86155 1471
17307 40552 7779
25476 59549 8788
77084 98395 3866
84415 44047 1155
56856 34714 6317
56468 12564 4314
89112 64918 2373
96574 80900 5527
35462 65299 9733
41876 59189 4981
32861 39040 4887
10946 79208 7577
56713 26238 9942
41932 42731 3803
89852 22310 3333
31060 15952 6293
85906 13685 4496
89576 71147 6130
64986 20690 301
17346 61599 8115
53516 71547 2964
72604 42027 8579
47053 30859 3130
41012 64993 5570
36447 29272 7547
67510 98409 9711
84834 62571 8597
40055 50337 1163
33707 52004 1301
71814 37981 2283
25881 92363 683
24926 14992 2254
17390 92450 7545
76809 84361 764
54332 57103 7475
32608 18608 6239
31865 64943 8096
49549 20175 6009
76012 77398 2902
11780 77874 8361
27590 70752 2990
79784 98175 6778
78248 31073 5645
81240 65193 322
70992 10256 9852
26556 80986 9303
97202 72694 4967
10397 78636 6939
74537 56464 6257
73718 91244 870
43842 47072 6210
31202 37651 6575
13174 88888 1514
64569 56251 1282
63918 67100 7125
86489 73509 1081
53448 79647 6548
87460 58438 4120
43841 53125 9338
15041 56481 7796
12953 27835 3062
52318 45123 2997
97848 21903 2017
72226 22651 569
75004 10190 1729
69165 77128 2023
11271 24018 1178
83926 72305 5370
87854 17953 1748
56660 89945 4274
72958 75201 3384
19988 84628 8997
89607 63496 9648
68532 35240 3659
19249 15790 4881
26076 84995 3470
74631 71472 506
23852 73478 6388
40529 79423 5640
53584 28714 3426
78436 66548 7324
72760 83230 7360
72717 28213 1819
94489 96826 2611
32614 48034 2853
12817 43593 3401
19739 94596 6176
42117 45314 195
70494 71978 7982
67843 51489 8640
69232 32465 8926
29931 12172 296
21370 95433 8263
65056 80135 1039
74229 90332 6346
28653 63513 1425
72518 14279 8508
11846 12746 4876
54969 98763 4416
58031 98522 609
51673 54763 9193
24865 44939 1337
99002 10770 2857
22007 58023 9230
77772 77409 8438
59802 37176 6889
54508 43861 5846
55967 21230 8655
58294 26983 766
43281 71534 6984
76418 87434 1247
11569 37942 6810
57481 46482 2922
54323 13036 9856
74995 21572 7063
66376 59584 603
36278 28004 1426
12645 46483 7405
11785 46926 9283
86190 53471 8657
97947 65648 8620
55413 64083 1864
65044 10784 1333
84146 64184 5409
17210 48100 7789
45174 47063 5918
70729 89764 8901
92570 87465 1365
37977 16013 4426
88913 49630 8072
16873 20407 6032
35759 91920 2443
25292 66978 5670
52482 90860 2382
51164 37520 1509
30294 78205 9924
92760 83155 1833
81181 88998 9023
67200 85814 6008
65429 51758 7709
78144 97454 7746
90586 53825 7446
57066 93470 3395
47231 90530 1331
79637 35757 6815
45188 27464 9496
47747 71721 8619
73895 32021 4573
87842 40284 5374
21056 69585 4313
67174 71773 3539
61504 46127 6429
91764 55206 1315
30785 94783 285
11362 51189 2237
62477 97055 4879
69529 30628 3390
13123 28959 4583
51505 66244 4624
85159 50797 9107
90676 16558 6302
97453 24285 9000
16377 30388 8489
74940 92206 3659
12118 94216 188
45293 10753 3899
90290 60458 2895
12570 29328 9904
34926 82255 4855
96776 19830 3827
67561 21124 8477
95826 68502 4663
97228 49727 3471
74965 17571 9984
10777 15857 5954
35845 74248 7344
32130 89087 6311
10984 97533 845
32594 13689 7289
98793 75293 7866
97604 72097 4772
22996 35038 7257
76016 48757 3273
50143 33844 5675
45941 86173 6875
98885 30763 3985
53482 70296 1672
63104 92324 808
65943 72455 6758
95673 92002 6389
58697 68995 9887
44636 10829 8042
23355 44486 167
96292 96132 5400
80323 54857 949
31096 32428 7566
82153 43041 5102
28868 56367 8306
39463 81475 362
77615 74959 6046
90418 71157 2648
95935 44671 5475
33417 79432 6273
11192 48594 7970
28314 22504 358
65188 97030 7348
23755 21917 8089
22572 22523 9766
54509 89439 6363
59240 37436 4939
69412 67158 2326
66818 14101 8058
36054 45751 993
45546 11418 1955
22151 66666 5558
30321 77624 2212
59822 46700 4566
74800 19427 9394
87577 43702 279
96631 59095 6650
42749 22941 946
53290 33306 3460
26917 65641 7454
85241 92343 6367
31147 11528 8648
86917 98174 5190
16201 10887 6259
67355 72043 2887
35929 49257 490
68026 71648 6232
55919 83861 7157
32603 22454 6525
75874 12297 6924
98891 17429 9982
37701 89947 7630
57325 69039 3649
71821 77536 6540
46939 35812 8375
28273 35620 1189
90856 44974 6644
65248 18716 8582
50998 77873 6558
87082 20737 9003
57595 97065 2874
87002 68480 4320
30388 13952 400
94699 45446 1251
22802 24691 4132
18049 36433 5134
57909 35082 8545
58713 65497 7610
11905 27305 7864
61053 51649 9233
97310 73524 8316
81502 34248 6367
67984 58933 5364
39549 94207 6484
60255 35023 6055
27151 83414 2035
38740 66042 595
42905 53694 8069
13283 26520 7243
97757 59160 3659
76668 83126 4580
85656 42747 1491
24054 17680 6190
10565 34728 6979
30497 24681 3946
76277 36504 1072
27652 79906 433
17815 28873 9034
67798 83799 9762
52533 58997 5440
11206 61094 6687
76216 42715 2905
22659 78546 8174
73891 10994 5822
86466 70178 3710
35004 87765 4943
81782 41363 2371
64177 76087 6437
93402 72506 19
95388 70234 6184
31918 60951 1977
63041 92255 1988
49990 80708 2304
60302 69673 8008
70178 85030 6830
83746 14284 418
88552 54738 9152
71175 31540 9448
64539 36825 6092
88792 45490 8806
87460 21521 3189
40970 17172 5996
69305 11642 2287
59770 11116 9361
92173 85292 16
62454 54194 6909
70749 55380 9273
21666 76910 7632
82279 21058 8343
59432 26108 9542
81921 47070 6664
18466 66292 1807
12639 25553 3644
92293 39199 3693
37772 98259 9148
87240 64778 4882
63816 15065 7006
10089 63649 1670
84322 59012 3740
92965 73544 3387
40661 28803 1477
99352 47086 3572
84918 42018 9833
35309 48870 7365
30448 89911 4158
87244 25904 95
97873 66037 1716
98463 28498 5774
59334 55731 4101
27037 61188 6699
92268 71353 9516
47750 28039 5172
44461 86272 2160
83797 71395 9514
75588 28249 4977
52041 17043 4399
83376 48226 1226
45766 28825 7164
27190 10106 5170
27801 27337 2687
21464 67203 6483
61134 14610 5706
63867 24933 8711
23778 77390 8751
88468 49442 8893
81286 23596 9264
15939 55080 8350
83788 82085 5695
96323 66456 1225
36309 84606 3842
55888 99557 7193
34448 80691 6306
18579 96110 8022
62845 23458 7379
89695 61074 9235
62493 98200 7752
20919 72615 7554
38219 64162 9106
17781 96924 2050
65015 99035 9798
63469 30668 6410
47172 40853 5405
26229 39620 3456
60987 73131 362
67689 35357 6576
40632 76759 1897
31783 84124 1042
47637 26472 7653
68954 33433 6234
96063 85808 26
81814 39562 4645
83826 10299 3839
43316 38421 5571
77179 46732 1897
21687 97187 2941
15891 25868 5488
64573 40074 8042
77501 59370 3587
95667 53344 960
87700 87575 97
49213 38957 4826
17560 46945 3009
27128 83409 2721
16146 59008 6004
49198 24450 7597
85660 40215 6242
98560 81546 8884
48448 56681 8548
92084 40228 9730
99693 24253 9773
81118 77041 2259
85509 55232 6717
71081 69411 1111
78667 87172 2954
34666 12599 6669
47318 56554 793
90996 67368 9290
99851 21898 9029
31034 50476 2067
86425 37835 7731
51745 33700 7581
38685 86942 4987
74519 98344 1234
93613 98750 3032
13136 94096 440
33282 43957 6628
80147 78925 4420
63412 84692 7207
79872 24384 507
16160 57982 2572
75421 15690 5871
94483 29316 4788
31816 60482 0
55754 83835 6182
68701 37114 9596
31350 93486 2912
41630 74356 8322
18032 77460 6004
28476 43800 7195
90986 46348 5852
23912 27465 1315
99930 88854 6527
36216 31270 8521
13112 74888 1971
53097 49251 5362
48515 81997 8846
71989 33135 9094
56586 61796 3206
40313 19556 5092
67388 64836 1804
71118 54615 9404
20491 96193 9002
39189 62852 1759
50698 35385 1130
96606 49092 4873
81586 33789 6905
78269 21199 4451
16341 31628 3491
27688 23082 981
78678 94279 2203
97568 18635 555
21802 29096 1846
22960 97760 3594
55946 63377 6839
53178 22067 1303
18185 96579 2451
69032 85899 4994
53915 61124 3795
62374 64175 6688
86914 70121 1206
54653 99554 2812
19723 89975 2828
48160 18276 5842
38543 84140 9202
25701 25522 5598
58887 83480 9515
13090 92475 8998
62806 69373 902
59031 80055 173
19928 16065 5449
78055 29124 6131
14177 97288 6413
57328 18802 322
88829 68675 4095
24486 37869 3904
54086 74171 470
13014 16897 8211
81572 38896 4362
84592 49822 7084
24030 84102 2501
30931 20454 3621
62047 45592 2356
26147 56117 1414
46466 67645 7955
98300 27884 7738
12851 50625 645
23472 31398 7483
29485 83251 9219
30955 89765 2379
15210 22882 1204
48792 19197 9761
26532 31646 6832
68613 30710 7103
57568 64391 2718
89660 33725 8173
25536 18616 3478
35102 33667 2334
12080 77067 2881
30952 80232 8672
87524 59474 701
18444 22468 1776
97033 22974 3693
59030 53866 763
70242 23580 1213
24257 85184 4579
89378 22963 4715
36937 51334 5439
18994 52766 9893
43590 95954 7840
98296 58928 7900
35776 84851 2837
36858 48476 6125
28996 26855 4222
37674 50668 7710
49582 51682 1828
70570 15845 7104
40545 69239 4658
27840 36414 3079
46743 13736 4981
26491 71184 6017
84467 10735 9860
82295 33735 3351
14250 38100 4855
40320 80076 7262
80250 96952 9204
22674 66024 3678
81307 10810 3467
49066 78313 440
13355 95677 8123
60818 94239 3633
13210 23914 8993
69850 77504 3390
98468 54382 1095
97619 14123 2438
54358 43284 2210
93417 62562 8717
80868 77035 9911
35616 65457 9018
47371 26617 9069
60115 87606 3789
52062 51963 9774
20591 21643 3580
40372 55109 8178
49004 17886 1428
16963 31386 6068
76233 96029 3338
12260 70009 3485
62948 27970 1013
30021 67725 9466
37317 64057 5244
94097 73858 1656
24226 21870 7734
65613 51648 4549
27360 18938 5133
35566 55948 7559
93910 29790 8284
86612 31769 8776
92190 81636 9678
52459 37320 9598
94959 70994 2041
96392 89191 246
42886 95714 6337
82505 79905 212
49507 31165 9883
44485 74281 8783
96257 84053 3606
51101 76884 396
74101 83639 1443
31140 71675 3675
39088 38492 7164
87059 26684 1369
24526 96700 2030
20388 88880 6965
31329 63747 8345
86980 16054 3985
20587 38589 8087
40476 34763 6833
94967 67049 1194
69375 53948 4453
45887 39166 9243
93835 91116 9901
11851 66174 6641
73585 14594 9372
69285 89596 637
22886 64699 3298
31960 12556 5143
24235 98600 3048
70635 23919 4031
13263 91209 3779
23716 29234 3517
84464 92709 7938
38442 10157 7843
57728 22331 8512
51904 63055 1453
44914 45106 9095
50351 76910 5648
88526 35495 4501
60539 85940 4648
27288 21283 89
65732 46522 27
68285 17841 6408
24184 41616 3967
45722 25200 8918
75606 17782 5421
49803 38085 6156
20529 53334 3006
45436 34740 3629
85582 47095 4142
91982 37763 6580
17263 78011 5930
12675 48059 7468
82734 20440 3779
28323 54014 7638
17466 31144 4439
52443 25278 916
66230 56517 8726
34561 40749 1497
14821 11861 7027
24532 92978 1016
64328 71842 365
76891 45568 8474
89618 63528 9586
78490 33558 5757
26353 64315 5532
24475 48846 3635
54036 91070 1342
87765 71940 6071
11121 45166 2855
60308 60241 6315
50989 54674 9393
81181 50905 4938
57218 29083 2514
65423 85285 1063
99900 88291 3796
89145 10240 7344
17323 78788 6623
59067 76194 1639
77695 46583 3029
15404 23151 5394
78037 63487 5857
74763 84163 5310
61555 56737 9410
87757 18658 3932
85352 20963 2545
67942 65426 4056
51069 40230 5338
66675 12993 4986
86524 48696 2352
12144 55027 4095
24119 46630 2516
71155 34208 3734
83920 70501 6476
62176 39774 3771
50394 80367 3214
82862 37264 8699
16148 92673 7312
95430 72558 5902
28916 24831 6148
13439 85284 8897
54714 20261 7780
86676 35174 8226
31247 18101 5806
37635 72157 1697
21347 54368 2310
42167 38664 3296
77998 85435 3417
26908 38996 1563
75791 88577 6806
59614 22205 6146
27864 53445 8999
26995 67605 7432
67663 64919 9347
81430 11687 3974
89981 29898 2612
23291 59098 6154
19096 97902 2268
30388 46574 5888
51961 89706 1159
67384 25337 2988
81545 79270 1485
14469 34818 9472
17864 22778 728
93157 97114 6546
12438 28605 6501
58219 51317 8723
61807 12040 9509
76116 91223 4555
20490 52521 196
76618 79428 3165
65243 33069 5217
12409 39344 5193
66701 43163 415
93554 36378 43
50288 44160 239
44835 86120 1357
43869 51275 5926
90682 94574 2880
92776 18792 7067
38797 43628 4732
19547 58958 3975
67702 69193 9815
47823 29013 4497
40394 47489 1234
40725 13036 2769
17020 93451 909
22383 88762 982
55924 60060 1812
51987 92964 7308
39147 55140 6423
98082 54662 8282
74002 87312 4305
42053 49194 3108
75529 18285 2612
21485 59761 4050
60123 12815 4944
83407 77796 9842
33418 87340 3590
49142 52998 3302
60756 18388 5247
74258 92367 9789
55115 88306 9528
79699 50305 6038
24834 46646 4486
36721 54849 9666
61474 19976 7727
35733 68300 2563
75819 68652 1002
29466 30018 3396
47459 29324 8748
92072 33865 8508
47298 29464 4913
61525 64602 3588
91964 21982 3747
54262 25914 3161
64742 43699 2448
57848 85519 3646
85582 74437 4878
96523 94964 8844
73294 77442 1301
97385 64314 2782
88214 46828 1223
26577 89386 620
16698 74755 5164
43477 61408 1924
51157 89413 1313
50624 85778 9162
80631 43376 2938
77163 67545 6846
99373 36078 9759
13918 14912 1989
98312 52474 7885
61497 64257 5952
82304 71889 4566
58017 72050 4394
17765 11128 301
43832 34320 7433
42485 22604 5831
14487 34577 1004
55372 97533 8593
83291 36788 1592
47505 65546 1741
57754 12470 668
23518 13335 3112
39971 79890 7579
32957 81162 1837
49939 92965 9665
52211 95533 2734
94353 14320 1883
64246 43954 2922
48355 41647 1869
78630 52039 4605
94117 99512 6146
80380 94174 4532
19909 78275 7434
61661 93931 7670
12433 85433 9538
80512 55719 8495
12433 95703 2720
56788 32797 1166
73632 21622 8080
43590 42578 8151
96124 27373 6620
33201 59707 6604
72811 84440 4422
49802 36028 3445
31840 19043 239
44453 64003 1752
74894 59016 4589
15596 21333 4011
64515 33212 2901
26999 36761 2625
20719 96427 5397
88971 84898 198
62555 69823 9543
52858 69952 3787
14602 80162 1596
84203 65931 2201
99842 13224 5120
13746 86399 6404
20089 23483 4479
31712 35817 4819
65882 15113 3997
55032 62227 2475
74438 93462 5550
15575 63439 4663
35009 49188 7263
96117 34824 1756
68393 17116 9700
24978 44114 9063
86781 58108 9585
92289 12635 3074
83688 83473 9881
47128 58250 3374
17447 62631 3561
44749 39029 5777
65092 24951 6420
10120 91141 9501
25484 83018 3352
44319 69394 954
50707 71001 8381
13334 96320 6916
93992 50665 5073
44094 22115 5561
55038 80406 2683
45014 41136 2428
55990 91687 4587
94244 75977 1197
74693 43676 104
97714 27517 857
74666 56202 7911
57441 84171 3931
99283 51264 6858
74308 29448 7866
91540 62982 6615
30993 44459 581
27581 53133 3723
60694 15256 8310
21830 63499 6679
94989 60067 7050
88923 74499 1102
77894 62623 3993
50034 40284 424
83550 97431 8548
77184 51166 4015
14871 69147 6206
64061 93078 4138
76079 94364 5341
25598 54099 2032
15896 67897 4468
88469 36517 2243
78736 68459 7342
29496 37207 3140
81701 71629 7090
62723 83636 6558
61612 69420 3153
19710 54173 5805
78460 87784 2057
55280 68637 8848
48361 39813 3238
41541 79508 1221
21305 57549 6481
13902 64747 1338
50036 22019 4620
21626 62236 5502
98979 73199 435
55933 27468 1225
41222 19703 3249
93177 98304 508
30098 19034 910
81297 49131 5277
99866 10786 3276
38406 96003 6325
99105 89286 7438
81007 15231 3342
22284 99786 9743
34703 62837 6278
19206 94046 841
94907 20314 1662
83729 79521 955
39455 36984 4166
97097 26448 1076
80780 66230 5234
58048 68143 9385
24447 40540 5754
70116 77861 9451
15630 84936 6118
49993 34109 705
56388 91220 5128
86175 47409 8277
56127 12523 3541
48828 17351 5046
89400 91147 9778
82047 67694 822
97394 68532 8876
78455 85173 325
46064 26876 1343
59163 75035 4351
78176 12998 851
10001 37583 9970
22060 82679 5183
64145 68462 6665
47344 46565 1151
17104 69998 7079
23713 96603 1627
81290 95876 3061
43425 88092 4655
93975 87434 708
32148 25274 7468
29091 76930 4163
76777 22618 5111
28309 13146 3384
79066 37839 5983
33245 24533 2828
89803 86083 4773
54364 83967 3173
77983 95579 7657
77121 81055 4112
36088 21303 7486
50848 68247 3020
66568 37400 6353
89997 51832 3323
68326 10114 1704
69829 64717 8152
77477 64089 8293
52034 34100 9691
26439 81790 1067
18113 93586 266
22844 11250 1692
86012 58944 1848
17944 84326 7267
17301 89010 5062
65135 58961 1269
52111 61380 5858
10480 65498 2550
88401 48996 9714
69812 66549 3337
69632 19176 8411
85117 16529 3976
80747 52998 4987
49934 97138 9514
68445 23427 5421
64276 13541 4037
87892 59038 3699
82800 45264 7352
19789 71736 8842
47325 79263 7675
20712 96259 3161
66877 53688 320
94437 12718 7107
55122 26939 7820
91006 56979 33
16252 19173 5024
14440 91220 1484
23915 46276 3905
73465 16797 5201
42702 19880 7193
84585 31624 3739
69341 40618 8042
94770 74136 924
26983 43024 9827
83098 53743 8001
48230 91374 3231
47129 85479 3837
35522 52939 2893
27336 72755 6050
42971 28737 5526
97655 66894 370
99507 67104 2788
30646 98935 3619
69818 98137 8770
74273 72856 7780
32032 28753 1440
11139 27012 9375
30879 82938 4613
19627 38866 2099
43331 30613 2730
84298 83443 3295
41882 52327 5573
81206 66171 7439
66572 20471 3196
69259 15290 195
31097 37150 5910
92784 47765 3901
16784 62160 5656
18417 80491 2987
35962 71246 2380
22062 85350 8105
97921 28156 7836
79773 10416 6497
11301 14972 7166
37852 99873 1523
12597 54938 9206
35612 75285 8412
67837 24927 3067
65021 84813 2461
47207 73310 5767
27005 38418 7065
39023 73420 3547
96233 78174 8839
42596 55041 814
32440 64225 7245
43107 38648 4435
90117 67499 8350
39558 58427 4236
51978 39214 4438
93805 11339 5055
66064 70835 7517
19346 91759 8366
33187 80897 5870
46089 64262 7481
18219 47474 7536
12621 11048 230
68841 57405 3292
48120 52145 7245
69928 92444 8786
12769 64141 3875
38033 12811 733
17405 23118 4221
33581 60756 2340
87997 36340 9309
54010 14834 5505
10785 23386 348
56252 47889 5714
66023 89793 7142
17217 26093 1445
73039 72416 2948
15740 14432 9563
56490 65363 4207
72508 26920 4788
60764 68058 174
91758 15081 8425
80588 61262 9320
85387 26694 6596
88981 42617 159
87630 30130 679
11698 92296 6301
86215 92000 4848
83632 72260 2362
24902 60071 3873
61398 24929 5851
52350 99523 6240
48010 17952 3894
34195 47649 715
58847 18944 1410
61136 83206 1149
54222 69705 7962
31629 15033 8769
38468 18530 8633
17329 81540 242
22251 94373 4573
53767 31651 5802
44447 69574 8253
90890 84749 2613
62865 52648 2526
42602 42369 3898
82632 12779 6174
17768 28605 804
43108 22619 3711
34570 71642 9956
12021 97837 3565
54293 52158 404
36848 78015 8400
21330 31886 6037
46193 90677 1134
75665 47784 9134
83741 58342 1351
65060 80182 5667
66801 11831 6821
58837 29182 6591
12774 41291 597
33849 16547 1176
83057 71337 6518
25685 33540 4806
17436 33700 5206
52632 64916 8283
13858 72575 7975
62048 86440 4167
74020 54106 6929
83681 46358 5920
45699 12468 6145
69878 88896 6805
93280 46468 1371
27296 20500 1909
43464 71181 8778
42957 40056 3736
41453 17458 587
90797 83955 8018
76481 87477 889
21220 81955 279
18183 23071 5793
39267 97048 5500
66985 55665 7450
83059 68800 9568
82153 20355 5218
81844 33234 8688
14200 37502 3161
54136 45951 8587
72149 22267 2467
20692 58270 5225
54503 36649 7343
76947 21056 9824
94977 15512 2006
17607 28435 2910
19704 50288 2042
34816 70368 1539
11970 92856 1544
49142 98893 1652
64218 92302 3462
27092 67303 2499
61418 82425 6434
82014 66035 8922
22389 50164 5291
75842 31294 1561
14045 88423 1837
40123 52436 6177
41773 32153 4073
42761 95153 5985
75796 27255 5689
41540 33962 8189
70918 70977 650
91598 14399 5884
67024 86880 6284
19752 74325 1494
52278 45330 5976
12227 52378 5491
23610 46101 3742
47894 50138 8066
21404 79767 648
71066 79096 2945
82029 12748 4640
28836 75531 3106
12564 65340 1548
37376 30575 2285
94237 74334 2442
85575 12299 3407
40559 23747 2981
42164 88975 2213
24724 55740 3644
79641 73449 5218
81309 85996 6758
51813 85358 3850
69917 98130 1031
16893 55090 6710
97115 43258 937
17207 55892 6290
72822 15079 1480
37951 72831 4389
46347 67934 7618
14095 11646 1059
43582 90572 6699
93001 10094 7590
43620 95942 7979
38502 33944 5151
10213 83344 4170
75574 93694 2453
37605 53529 9492
96689 96412 2752
31086 78265 7697
85797 34477 8412
27909 27421 2267
74423 92154 1156
41453 78590 2437
46218 50406 5299
84095 91927 5468
99046 55552 987
66177 76180 2344
70517 45589 480
76859 43285 980
63311 73662 3279
54490 25532 4290
72256 75192 7725
86865 74846 6794
85202 53787 8329
66590 96957 8444
11625 32796 7778
98359 44858 4824
91852 63948 2919
69521 37048 2996
67093 81656 280
28166 28833 1501
59982 78576 3414
79514 21996 7493
50079 49853 6379
23752 93994 7280
16694 21559 5229
48123 88753 561
68005 16980 8005
95680 92138 6071
24292 86933 4773
67835 83283 3707
36766 89926 3275
14328 37283 9330
95051 74540 6026
43461 95668 5935
93883 42019 2339
28623 73970 3501
78982 92570 6140
65852 36500 3157
32583 10725 7680
13943 77872 7798
11437 32098 6696
91732 39651 6753
24207 36591 8562
18562 62492 2394
30897 85857 2759
77502 79929 7618
77146 85081 7751
33396 25099 7071
68415 98993 2936
19949 13720 1601
29300 67698 6165
94610 46807 4768
20579 64525 1730
40199 58439 7154
65352 19644 5135
30239 35106 4929
87385 65466 4241
50410 28321 2316
54781 72189 8370
18809 92927 1937
15908 91013 9865
31735 97048 9383
37062 98067 54
42698 10835 7633
71759 79585 352
12526 77564 5052
87949 49438 7666
80698 85626 1478
50829 56066 7635
52335 11744 4280
59948 78305 8520
30307 34594 9691
59963 26523 8325
24456 72445 5659
58428 17248 7216
55135 38648 3127
99709 59888 6584
91350 91258 5569
51213 54456 4785
34822 16312 942
83183 70174 3528
48971 63555 6735
77750 81364 619
60563 85591 2743
65635 28963 6091
19452 43692 5804
82822 61425 6770
69199 23236 415
36327 29505 8246
83783 82381 7417
80697 33000 2820
76264 92926 4983
51162 46132 8674
37719 55810 3288
74620 22147 1802
98567 32095 2129
28993 79666 8811
14489 47884 1013
68837 44438 4271
68261 30940 9395
71766 37298 7962
54684 38958 2427
94604 16865 6774
91017 20463 253
59332 43986 279
74189 65292 3768
40240 90855 8281
58411 77794 7021
76370 33517 1229
10969 54233 5295
40614 74990 7280
91771 58060 6787
75121 69821 9274
80438 51438 6076
87788 50667 1522
60902 11569 575
11223 49893 8174
66960 10535 4590
87775 46741 3595
57541 76950 9976
43593 21048 5662
92943 48565 7702
14596 22525 197
52500 60745 1083
93571 76953 4757
87760 91354 3241
80320 20221 4469
42234 36878 6586
81113 56364 5507
32376 18554 6567
56843 42381 687
95210 61689 8803
38333 42692 4679
13050 99282 9133
68768 34741 5188
61861 47222 2589
31082 67363 3053
65965 46005 463
95159 86680 1436
77505 47013 8506
37759 16338 8166
57960 15627 1692
70616 52408 2916
97516 94930 8426
42503 92263 2767
41782 69519 1592
54195 66859 3269
84478 35706 4150
17250 40327 5191
97891 14606 4881
67304 22693 7798
17400 89324 759
84074 51620 3270
81132 96840 7474
44748 40345 5672
13398 59695 4836
24423 91720 3768
59831 77716 5070
47540 53988 1257
79457 52384 9072
42672 56435 847
10006 39457 2064
93616 49853 4292
72272 91094 8207
54826 13743 1672
19911 69945 6885
70416 30952 8671
27738 85126 4395
30031 39308 6885
85834 15383 25
96703 93012 1180
17019 98736 1852
46612 26647 2317
96884 91649 8401
10768 25291 17
32425 82923 2513
48594 83771 4157
30489 67403 299
16172 23364 1634
10941 58085 2052
41995 37933 9951
70253 12463 9232
69590 91309 9395
81057 42419 7252
58023 50183 4076
20401 46534 916
19449 43337 9042
50515 10232 1311
82259 98277 7762
27253 96525 3567
41532 40471 6365
23158 35317 9953
48856 61483 3968
16911 58856 6601
82015 91503 900
42952 20444 6487
87849 70987 8321
75016 21232 5447
98696 87028 4262
97508 72701 4341
82583 13432 883
91033 12216 1413
54043 81395 1571
18986 45296 6027
83558 98277 522
25119 53801 8092
13191 38859 9143
13723 58402 3599
84750 11700 5470
31197 22157 663
66275 38121 2697
56832 78448 6966
26899 27959 3411
40143 67692 3555
60632 16357 5517
47330 56364 5631
65189 37496 3972
65626 70273 4034
55064 87923 7166
81337 67377 5507
45689 42657 7987
42039 74478 5433
37112 38738 8352
69145 21432 2990
77593 59881 1276
38188 24066 2185
43667 47169 7158
48729 52674 2723
74601 15043 2182
17172 80016 9912
63281 68436 1502
81607 30138 3449
91871 43602 5747
41285 95910 3540
25053 40134 7653
34998 46196 1338
86794 19799 1314
39828 90702 3525
58150 70778 7602
23410 89839 4061
11317 79780 6082
30336 93414 9290
51041 78402 5357
69849 56368 6431
69257 27310 8132
17703 37082 7609
57890 92572 8281
52523 52256 8254
65807 40706 6099
85260 29357 5307
27634 13800 8063
60695 61354 8853
10741 57151 8357
40230 83411 116
21882 45850 7189
48183 60643 997
59631 15129 3555
88911 66010 2179
66478 97075 6481
56365 87280 4548
11817 39445 1330
80992 55048 7122
63256 83771 5556
76827 85515 3567
23617 11492 377
87999 11004 2814
52927 75862 1296
61882 27453 1963
46885 21513 3486
50269 25300 8213
63378 32981 8758
77866 17804 4049
28692 32136 3853
19844 44766 9926
94135 60659 2372
67016 26093 5464
57306 20519 6695
10192 97958 4670
71724 79029 1310
68753 98442 7655
16912 39033 3576
16574 60020 807
38737 12936 3928
56896 42685 3303
37184 89566 7031
13432 51551 9650
20402 76358 2329
91872 57937 6719
49410 43759 4324
81860 28578 8197
51293 28188 3120
29421 92030 8696
66979 75442 2
39332 91405 1312
73155 97968 4920
75986 10600 5734
45483 17525 6867
16529 37542 9496
41948 31731 8361
37927 37112 7022
59885 93846 2574
35232 44820 9068
42225 12091 7863
53944 53589 7899
59165 75600 9039
30263 51234 1174
68289 85845 1933
97577 21731 6598
64014 45963 7692
61471 32976 7995
78213 31541 1933
43347 45192 5240
74413 10128 5801
67732 82205 5101
26322 82971 150
41026 55928 6980
88175 53810 4336
32596 29362 6033
41439 56426 8425
23141 91966 8753
24480 76878 4680
20038 53306 1644
53570 65465 4733
48716 88038 6606
31505 80228 4015
83892 68443 6376
48490 10122 7990
39754 22564 1635
69180 17610 4350
82973 53129 2081
64866 93730 4421
42140 43444 2387
56735 66586 6930
17350 75657 4373
77725 91709 107
54173 81538 256
44569 85187 7039
28421 43077 5013
85627 70156 278
40169 94428 5402
91355 51125 103
45038 67161 1096
50319 87759 1506
61318 76891 2973
32612 17842 3974
70061 17903 8933
67817 22454 2451
82496 27469 3221
45409 41715 5715
21454 47393 6052
38251 55441 9817
12404 26004 5224
45798 19823 8587
17308 97391 9200
42822 69821 6976
40672 32316 8286
29527 77316 9399
15364 61759 1484
94197 74118 1731
94638 96773 9997
41244 17494 7909
55994 49926 6582
73174 18584 3405
92353 66466 6279
99009 61505 1936
84716 59292 9662
70693 34823 8869
32837 61497 4287
57882 74257 1790
98683 96413 1632
57747 52965 3276
46416 33446 5353
71390 75202 7580
97463 65525 3235
48494 71176 5957
65130 73352 4933
26407 40734 2879
48882 35529 7407
49703 38046 9965
90712 73674 7676
20381 25022 9632
95375 21488 3447
61935 66438 3478
40843 82438 4907
40970 53697 334
40036 99165 357
82398 46332 2301
29004 16418 3584
11513 63700 7918
74500 45642 6977
76791 94021 2162
58692 86080 9280
61533 85697 2034
77009 51318 5436
89285 44925 3510
39926 51065 4431
18680 11674 8610
55982 91264 3888
80355 41401 3331
81913 75696 1308
65390 79906 6208
27006 37400 5112
58437 11314 1143
39940 93049 2382
57937 30251 4930
91657 86825 9510
52959 19460 8535
88307 11250 5181
38883 33341 7217
60172 44845 8781
11477 99768 5041
55731 84701 3263
34421 16755 4369
45549 62803 597
26184 53317 7418
24855 29173 521
46856 83737 4254
52060 90289 3815
57485 61088 2731
14513 13221 2429
70125 49408 2870
54839 80059 5818
71684 59038 5115
92680 42914 502
38647 70009 1476
47392 12751 9951
31785 60053 7690
49891 49538 8819
46146 74738 4930
60056 60771 1867
60727 36960 182
27850 78037 9847
52714 85338 4856
26308 16382 8203
31985 63115 1931
69686 33694 3264
62328 56254 8331
68650 69298 7188
37321 92899 8687
62134 86206 1441
84684 69417 163
55702 22553 8154
12475 26456 8530
16943 84187 9872
83949 63987 4270
48124 53120 3533
80899 97717 2127
68535 36017 7532
76215 24439 5199
71944 99284 889
53204 88302 4132
14374 39401 3247
60595 20956 7900
71269 97435 2836
52052 57006 4648
30233 92029 3753
55165 31141 1536
56200 47508 4896
51361 48714 6399
44823 99658 8282
74569 25610 5382
36052 84348 6275
75566 75144 9153
48178 55028 739
74559 27745 656
23377 36655 8825
75202 62211 7630
89511 93782 3129
88279 61316 1849
88657 99095 2868
71449 33938 3584
12979 82516 9035
78843 90347 1
70058 96337 1236
83857 39399 7513
82264 73781 1628
56260 36504 3794
86177 75933 3790
47936 64361 5322
56136 11186 6845
52245 57579 783
89518 73707 4401
38547 65428 8808
90674 84026 2621
69940 83213 1031
20763 19012 1792
17403 62566 844
42475 14703 8439
67503 88848 9996
93008 50737 8257
23535 83882 9528
27853 95911 7430
82375 91953 9891
78415 99288 1509
13777 89461 6919
71559 81161 3518
71486 44393 8727
63999 89009 458
76084 77973 9397
50983 45737 89
26176 19395 7072
13176 99073 9706
28273 25994 1536
42144 19623 2783
32614 77617 4021
62765 25126 1297
66656 81207 7414
49115 86865 3522
28148 41171 2846
85642 72375 4200
93243 35708 9174
15225 46514 5362
23835 65826 9736
45880 18914 8365
96478 13939 9632
89895 78305 9102
92651 66689 5710
13353 89300 8244
70276 83480 9409
89545 36853 2356
28828 52269 9689
18562 32655 4860
89038 52787 8677
59322 11670 1905
18582 14327 1340
47699 35972 8446
70897 79305 3256
53149 71601 8424
79581 62748 2814
89017 66542 7528
53472 50463 8843
57479 67516 7942
65828 56732 2145
67574 58229 9748
49209 53261 7161
25444 30861 3967
41165 57590 1862
38284 60634 3134
85823 62804 108
15237 32109 699
25604 84194 7875
36992 12590 7848
20328 11958 6745
52248 19163 5521
17000 66046 2437
77981 60461 7061
76518 62637 8846
19608 49303 4521
68280 68786 7784
11880 21222 7067
42473 51379 2959
97534 40016 166
16076 51317 6885
54648 68903 130
79338 60881 3192
82387 63217 2482
37402 62070 7019
63142 85611 7872
80931 13451 7836
80756 50910 8649
54273 56510 8137
52056 91805 3671
45344 67427 4987
48793 45303 7398
41242 39349 6555
21867 44297 7085
86619 15762 5671
83054 92914 576
63978 21486 6605
89166 96927 2001
19255 88750 8270
78341 50714 457
74486 55609 6635
45286 26929 3890
72771 23611 3050
47947 47814 8465
73324 24537 8108
90593 95035 8361
14043 21728 4037
13261 72028 4477
73401 47727 4015
14366 33267 4721
88641 60764 7582
78359 31832 650
51010 31235 474
97252 13144 5519
24047 17871 7866
89285 71420 6567
93050 45980 6083
89696 91032 9724
31653 60398 5672
92004 93045 853
10404 66478 6864
66661 95509 2771
65917 40596 5969
96492 36930 3311
48480 94386 6603
62123 52428 9305
87459 57721 6
46692 69766 7865
64240 34056 4319
77501 81997 5162
20378 24462 1191
40997 43430 8215
61766 97311 2035
63715 74418 236
33030 81669 3820
68003 92814 7198
90080 19616 3170
33186 59039 7790
74536 21415 3296
88861 97481 1907
35689 70070 5311
42041 85771 612
88950 49583 6249
63246 76467 6866
94932 12071 5731
98902 40925 2726
57250 70301 4153
46873 86488 379
53689 41905 1009
51462 83849 7771
23706 23171 5318
63133 17824 2464
69897 19194 962
92537 10201 7293
81220 82941 8773
39094 60883 6757
71629 84952 4987
36220 16771 5790
85192 74540 4017
66922 67126 2021
83061 60681 9733
75469 56859 501
69096 64873 376
26830 62695 9619
51584 23996 3865
60105 96538 5026
11821 85721 5274
29347 63654 9618
19102 69273 8372
21723 37383 1911
17865 16664 7159
58858 53515 8820
24387 89717 5817
39549 89693 2945
69402 35541 8898
66509 36054 2559
64007 81299 1794
92819 47979 9379
59089 26494 9299
53616 43906 1257
68003 25572 6117
33504 68136 7314
21482 87742 9219
34444 98516 2212
70863 65938 8332
45129 17503 9357
85281 94050 434
86966 40588 2551
51346 61654 8905
27787 80107 6882
53681 37502 6787
65909 45166 8052
41070 81633 977
47173 36395 1483
27491 41121 2639
74406 13718 7467
28460 21315 1702
83825 91328 8894
32906 73428 5462
65284 88046 4852
23304 54146 6017
84117 87410 5424
21852 82985 197
64697 17605 2444
96952 43370 4830
33158 10217 8276
73469 36736 3725
23972 49771 7584
88974 48073 752
58781 19089 9995
28564 91652 276
30560 34485 308
77055 93268 2824
23715 58532 8424
23355 99037 1345
66041 43018 8882
69068 29260 1287
91612 75048 6289
85311 64029 385
29846 41121 3102
80090 16010 2408
64733 99125 3312
25685 94426 8360
50023 22420 7877
41592 47281 8155
35485 90425 4687
37283 30709 3191
10390 83226 9000
31277 55103 771
95475 75308 3332
73947 91785 1747
96596 57814 9144
63069 21898 2545
68985 90845 159
37894 28761 8872
85278 89578 29
39845 30559 8534
12736 26304 1948
16239 92515 150
84497 36077 2188
37207 84078 27
38099 47389 1912
14598 40939 7540
63836 99466 5450
48964 42090 7366
68989 74203 9058
45727 25969 6336
58368 48987 9241
41068 29601 4002
65241 53116 3716
61291 54436 7228
47482 90417 5375
86317 83249 5151
22372 95803 4666
57597 87617 1402
67437 29819 3094
27905 93307 6774
70128 39063 6414
22340 42370 5979
14065 89779 8504
49950 48467 329
85838 81555 8301
24679 38021 3982
82857 12116 7490
28324 52376 5497
45861 91008 6751
78957 77681 9275
40171 31530 2338
77695 15202 6869
77113 66633 3109
43083 37950 6475
20008 96383 9897
46605 97758 2055
76366 89454 315
55363 31292 7628
84548 43347 8103
85254 74103 7683
66851 66831 5653
89688 20680 4066
36305 78149 6498
66253 49755 9658
44151 13237 1669
80146 97040 1271
72717 95129 8018
36681 76686 7051
46850 63195 6882
42751 97256 3024
79076 56283 8089
85184 70666 4498
50818 21389 1423
91425 15393 3454
70992 50633 506
89748 92674 7865
62485 38281 9594
22642 69149 1362
97494 77599 9130
71685 75501 5133
30160 47445 405
27569 59943 8221
68689 59326 9204
10308 46355 1510
79367 61853 4489
13786 11242 1285
48538 49782 4797
83480 58709 3771
69174 59967 3486
11712 95484 3953
59007 97863 983
69132 31418 7086
56930 58825 3153
76280 99853 2985
48938 18533 1434
44809 26091 4374
24171 90694 8667
50928 32556 6467
35691 44911 596
18474 30714 2058
90096 40218 6905
19594 92705 4130
28440 33349 9804
36416 72098 9535
40163 88578 3591
44642 55129 1955
19783 51598 3076
39513 99662 9535
44832 52738 2569
94670 26568 7889
42825 46730 3254
92207 77241 5362
23564 13064 9228
53043 72846 7761
61293 13654 6100
18155 18843 1750
80749 83240 5844
34879 72289 90
19397 28561 885
72060 51927 8358
84419 77918 7872
90984 76822 8751
75015 25327 6840
65133 62473 1951
24586 80382 9488
21177 29743 2613
66276 52548 3814
37866 95127 5493
62837 41214 8365
95574 16301 5884
83383 45575 2962
37984 62947 207
20513 35462 2453
90249 99626 6776
33993 24758 3573
61266 46072 3180
64551 28975 7967
97308 48896 1118
22342 50411 8547
99121 18256 3605
46463 33318 7833
87462 67414 2585
59987 84943 8587
34179 17531 8580
59981 72517 988
51529 86928 8990
89036 44021 1831
81318 51758 8933
55675 12057 9659
66707 32175 5070
55241 87795 3607
12959 62700 3576
70383 86804 145
94424 15459 7025
77675 64658 4805
11210 72912 7590
69772 29818 3198
50759 78162 9171
72661 89262 4934
26654 74062 7217
27957 75133 4028
83034 17577 2233
54682 19207 8887
82619 18726 1241
82618 75664 6999
40311 57859 533
26523 62553 379
13540 80043 4752
63925 51927 645
30779 87455 8559
59244 95938 6144
22296 51439 4302
60973 95450 3364
96880 56813 6402
83068 23628 6159
73977 98115 5662
11865 74141 4635
40178 54657 7751
67631 41496 162
52729 61722 9299
16064 25455 8547
52331 17542 6315
36750 38925 4337
46598 52570 1483
17932 64312 7703
30665 97191 279
51708 86349 2387
97964 72469 3271
80830 63090 5240
90737 64200 4922
89770 11098 4834
57305 32482 42
95856 56766 791
51827 77666 4187
67436 62669 5751
18842 75630 2493
49966 18883 9639
23808 27130 1098
36129 60547 8171
85215 36970 7042
55073 47532 6959
40768 19310 8262
88054 53876 8569
73379 45958 5174
27612 59292 950
50022 96689 6950
99338 60372 3738
99026 13972 4700
86252 52372 7530
83487 89295 1136
79297 94863 3288
58084 73298 4148
28864 69326 1844
50255 97838 7054
64402 57197 2398
59957 19524 7431
57624 86114 6171
37610 71497 7170
86775 87968 3824
66831 80364 9198
20371 71065 423
27956 11068 8701
27946 77489 6997
50949 61915 7356
44561 55380 9461
52249 84106 8186
25713 30544 992
31676 53041 8718
46284 56625 1791
61680 72191 2786
40091 95576 6754
91417 33828 5323
75443 63628 8638
67024 59826 7787
27909 24260 9810
82752 11556 6889
32565 75537 4491
64766 83044 7030
42803 52005 2963
25069 74451 5478
32144 47738 4208
14042 23848 5759
24371 35470 4487
54490 55900 9293
84995 63703 3766
37405 22425 6244
69303 73144 9305
62656 67077 9771
87001 64221 7489
47331 62208 560
33996 19113 9696
19509 13446 4168
75652 22728 1184
66918 44602 3171
58162 58816 948
25413 73082 9206
65397 51496 7375
99903 17826 7466
53501 38704 963
46514 14985 4651
74814 35557 3656
35641 27064 1219
59571 13455 5631
79887 78629 3383
54400 49959 4758
54741 30263 2527
43894 49835 7849
73862 17092 1446
84591 31580 4227
60775 70567 8505
41078 46974 7913
95275 75185 5680
35259 51679 107
86804 76864 5445
12379 24218 6149
77671 17468 7081
12570 59543 4554
22000 21887 8624
50824 70155 5818
69431 43122 8211
80099 43082 4447
55725 70522 220
37089 96747 5892
79625 76119 7693
54028 72489 664
60423 60095 8637
52316 20894 2927
71913 79713 4324
41681 51028 9706
19937 47721 9274
74138 25762 5037
64881 26203 7713
72749 41197 6954
32826 39650 7138
58353 63354 8336
38270 89419 684
13756 53987 8436
19697 29926 7085
63239 51236 7212
17098 16298 9409
93092 40451 8401
22169 81673 8104
14823 20529 1712
52957 48198 1
71876 73819 2701
95511 85683 8392
91403 86926 5460
64321 17717 7666
74492 87952 5608
32543 92583 2328
96210 70824 2671
16905 34366 7398
81355 33782 1296
23829 46792 7795
25868 72716 5452
33176 94314 1714
25012 42677 2639
90299 40378 462
38257 86391 3830
47202 45746 1367
94844 77297 3116
83089 42055 5275
70076 51813 4678
60258 31265 3204
94267 56528 3445
95385 99836 7182
20220 25642 4796
18142 60272 7164
93918 83510 1345
19754 59551 37
36869 31886 542
83925 93181 2944
10418 22988 2898
34979 13108 3052
73535 49226 9387
85002 51192 2218
31368 45924 2070
17277 11856 6281
44500 25462 5040
33224 48688 5780
89671 79708 2030
94453 83157 3213
52381 88483 9424
96994 72485 2475
42981 36688 836
42455 90177 2758
63226 91953 7894
38002 49172 888
94191 31316 1955
38289 25746 7363
42003 16306 4484
79647 66758 9320
78505 79960 1267
54746 19701 5272
64005 51845 1032
69196 79527 6739
39935 82290 4203
93549 93135 3040
37808 48731 9769
76690 51234 7276
33708 86580 4169
42635 84037 3726
33028 70588 1489
80872 93549 7900
44039 41548 5521
39243 60815 8701
40575 28140 7069
60271 73017 5326
33237 40083 600
91427 19690 1968
51328 38295 7126
19187 66527 5362
49813 12761 3420
62878 19441 6333
51091 53670 2624
97310 15001 8986
88399 77274 5585
37020 81036 1149
59239 14120 4912
60980 73577 8013
25560 15739 3282
79953 18544 1973
62734 60858 5758
88071 37680 798
81274 44522 4182
95083 21251 9648
48048 60197 1522
57142 75078 9974
93618 41005 2765
57423 87882 7869
83775 54733 4906
87812 66378 7155
91294 51443 8619
33667 56626 4163
60708 79254 597
86426 97207 1603
55513 43074 2968
75794 86124 2277
81795 96125 9318
33069 88897 9129
84910 72280 3996
58837 10417 7190
76478 39945 4887
20908 14699 7964
80961 87799 7399
94456 44357 6578
82719 53886 202
93323 41484 1963
33441 31707 6540
57376 97280 1968
65199 92645 1027
23999 55478 9729
66592 61048 9057
69439 95467 6967
54891 32433 932
67996 69116 1821
93721 39190 9576
52942 39110 3299
42606 26410 4007
69151 48397 5815
32832 90276 1533
63779 75259 9253
57028 43398 124
73585 43420 1232
29155 47827 651
90517 92093 1319
91397 96308 4361
28198 87604 4500
53001 88245 2170
94153 83463 3416
40832 81202 2355
27322 66918 1344
50549 45942 1550
41024 27219 6842
87401 93292 9625
29501 44173 6923
37161 27784 1216
68587 31771 6576
51974 38676 6846
74295 89091 1038
46057 30786 2149
56218 57782 8
59743 18774 6850
71335 94243 719
42868 40634 66
75088 69691 7072
89087 63667 947
82708 44153 2610
55042 76728 4084
82085 34401 8058
44249 73012 8844
36016 64018 8018
33995 72288 9589
50197 71116 1382
58950 11157 3234
30172 71913 2657
25721 58175 3744
69740 96690 2067
69874 92721 3186
67128 60032 3006
19296 96571 9840
71634 73179 3487
34198 43697 7215
24669 76045 1170
79445 74149 701
17015 93205 5870
65360 98823 7067
62667 92917 4551
31713 12293 5432
32314 80682 8575
93089 84331 4191
41140 90010 6147
41585 41013 4656
77604 60873 9686
90260 78440 2948
27486 77088 7984
43977 54125 7716
43151 74726 9180
74276 52787 19
77787 99248 9225
17871 58450 9235
56189 12664 5354
81370 31894 4893
57988 48172 436
43337 85709 4854
93636 36451 2560
49045 55968 7653
41973 34403 3180
39810 20630 1880
76250 60347 1466
15500 29344 7596
17029 88590 9133
88419 63154 1475
72288 80369 1239
57038 89049 6800
72537 35817 5605
32197 57627 1025
32223 59627 9739
11681 57176 2416
75352 85628 6501
11863 46684 5338
93609 98896 5062
68953 27786 2696
81921 92474 72
29317 13582 8728
87264 30990 3318
26891 79408 8488
62040 25447 4057
57620 63452 1637
47072 82149 856
89862 64628 1663
82908 95232 3345
72029 62990 4130
62950 14572 7551
85839 11020 1295
19500 71108 3843
13209 30233 9063
95996 61149 3730
80371 88577 1479
69224 35979 4886
43018 25100 2749
77094 26697 9522
37773 93864 730
95931 63727 8157
20351 17920 2275
79484 73715 3456
73625 10774 942
48169 83934 2444
80676 31759 1953
72064 42183 6694
43260 58804 1525
59535 94039 992
22388 22670 4985
93524 48741 1694
79284 35312 5539
43356 37758 2253
88308 17344 4091
71536 76573 3226
77568 23257 3715
74331 90260 8759
99287 71699 1397
30499 85407 3235
79630 99175 8537
77195 95331 5769
22900 84770 2494
34888 67286 9512
36478 61342 5024
61947 99850 9802
42913 55303 4469
75559 98370 4185
12048 93813 5079
64655 67338 2070
26968 84072 1701
97263 11826 1108
48693 42096 2139
15583 58365 6154
41877 77563 4926
56936 19614 5655
84472 24299 8690
23826 64214 4223
34399 56987 8926
95357 84968 7802
58121 35163 4609
15840 23463 1981
99058 43489 9129
61639 30911 3501
27722 84353 166
56672 79107 3336
68576 34521 9158
26022 77760 6581
16910 35623 8222
38895 82565 3349
13868 16660 455
58460 90830 4459
60615 88601 9235
56862 97108 5641
95414 16244 5429
10923 15988 3646
70701 40875 1433
75033 76397 2621
93130 27493 9011
52451 66608 8951
72469 17170 4824
90382 95226 8033
78349 63908 8864
23721 28989 1248
29217 10435 3908
46917 45211 8348
91488 13015 6866
10372 14812 2842
80834 11544 5109
31958 99523 3663
51787 69112 452
10826 11444 3632
61109 51768 8913
11393 87862 9228
18499 24474 7312
22859 82971 4862
47230 12074 3465
98675 79015 7315
20245 89805 7084
44707 40876 792
65695 61513 6192
18652 17902 5684
79521 68765 1969
83045 14716 7245
85874 30934 3429
39009 60737 8803
88361 87506 8031
71887 82844 9690
62260 12299 4719
21187 91909 1427
94759 78498 2114
37231 52098 2761
27405 55319 8025
82345 19037 5912
53489 93012 8097
27698 98207 681
70374 64349 1957
10429 89335 5246
13971 37533 6067
70519 74026 2179
94550 66098 4502
55457 59863 7516
29976 22480 7210
27922 63603 4894
37331 59366 7923
48287 95359 4310
42905 87196 4192
41642 77262 3055
47898 96636 3112
70066 79667 1810
42580 54384 795
47425 41982 3896
37403 47526 1200
13171 57419 355
69770 47919 9465
23868 44912 5037
73341 49878 3239
74406 20659 2582
78994 81692 618
24997 36025 1778
77553 31363 4268
57003 53117 3891
55186 56069 4437
12454 58294 1933
75701 30739 7228
21970 94226 7592
39451 75729 6219
11071 68471 7917
81823 97544 9936
34549 27339 9718
28168 84219 6133
77887 38475 6941
75694 41645 4657
52070 66470 1212
72671 36467 6528
54057 42730 8131
83475 54441 4427
65661 51267 5706
98302 89740 2652
94936 87546 8398
51735 17042 2290
19373 59809 4789
23816 96298 5794
75841 17996 4341
95071 22958 8569
29164 27661 4414
54851 69529 3572
27904 86288 6333
35980 80960 8964
65597 64478 4694
71963 98780 2767
15946 79274 2670
96592 33026 8245
79284 15274 192
50062 81861 8221
14103 81527 2860
68372 57697 5159
76690 87665 7683
22065 80448 4445
80932 85958 1424
55968 42559 1554
76600 24395 1919
90726 19706 414
82041 19405 8581
62309 48849 110
98347 57541 9009
96176 98626 8430
21321 81846 7933
87347 18540 8209
10500 70112 3888
93208 28755 6265
67490 38757 3333
60878 38246 1117
28931 67897 1656
67461 69220 5439
22214 38187 1999
57957 76575 3214
71485 30484 407
24303 29165 3799
49662 56461 9551
29594 30436 9483
13229 64443 6443
82718 79655 6722
29114 75607 8519
87226 99889 1247
18519 92619 2009
56129 10494 7378
15868 64618 2251
23228 65780 8069
20162 16968 3723
98667 32470 846
17498 70712 1805
81174 15331 2177
83895 30217 6099
44837 73273 9337
25381 11532 4969
52236 99717 8333
26825 63515 9087
83843 86854 6415
70710 87000 7298
76763 59798 5560
20855 57695 5758
42754 55104 5432
13872 56109 6594
47924 90320 2405
91787 94369 9161
91300 50304 4964
68190 14267 7657
88578 45758 5613
81761 29621 3503
34788 76090 6945
37596 45189 8689
89233 58132 5801
51762 81991 3015
23565 47322 9877
15992 90707 9262
44925 89799 4598
92017 60486 2639
89450 43073 9571
78719 93400 7888
35196 34088 1812
55306 26805 9932
32587 59291 5099
37183 53264 2675
96181 22062 4712
13002 63468 6613
96069 10482 8823
73625 79213 9626
26954 19898 1505
65080 44581 9807
48883 40010 1563
50358 59716 6292
90105 99989 5251
68784 96099 6054
10142 70709 9996
27891 99306 9240
72125 41676 4272
35231 35238 9588
50228 38063 786
29529 32397 2486
89709 85494 7522
30982 31882 2187
72399 82066 2559
74969 62606 6813
64033 82640 7866
27293 93522 4854
15703 20902 1354
29031 28712 3743
95957 54364 1665
33660 20244 7659
82097 46149 1583
14032 18210 15
58006 67045 7692
67038 27675 2046
49341 99883 2026
89547 27429 842
75649 59658 8773
30404 67450 503
37774 11872 2004
29381 40606 8242
68787 87801 1851
33879 11626 1868
62455 56698 7751
21345 60267 2918
94544 50531 3464
21015 36873 4617
44151 47459 8013
30844 53701 3943
47391 15654 4682
35387 29052 1399
86517 96092 8418
80850 22389 1553
49285 33242 9211
25521 48368 2849
31520 14661 7751
36082 96468 5360
50669 58470 1008
48625 81014 7933
37511 31171 2106
66061 46226 1544
21756 81514 2577
45030 15742 1354
40846 68084 389
49531 85515 2689
11720 54749 9041
35428 24686 7981
97459 61968 6118
97354 92560 2671
65800 45351 4985
40512 15208 1665
50945 11261 3797
12829 65761 7135
54848 25015 534
41447 96318 5448
91477 60725 7224
26279 24063 5328
87954 67932 2454
59415 53015 2797
47640 45425 1472
72340 58267 3818
75285 89622 7090
47926 73539 471
96260 47720 8228
10626 99867 9966
59945 88066 6602
70049 37570 1518
34027 55181 142
22792 65191 9941
65934 93598 3516
29816 87635 105
19572 45276 1845
39999 45697 5929
19329 31728 7168
45986 73950 2604
57727 43569 9061
81535 79494 2443
23043 42119 8914
25024 99339 9689
68449 55402 7684
10991 84934 8339
92795 70990 127
33829 23593 1201
99742 65360 720
64487 30344 8745
58107 93500 1274
54857 50306 5496
57424 37576 6973
71604 36225 8738
46089 97734 7556
78644 51924 4382
18043 83866 9498
91389 77413 8711
81956 29798 382
30286 52500 7300
48538 66245 3526
23750 16958 8703
47365 56478 3697
36683 11761 7885
63204 51329 4892
52680 15065 1101
49952 81505 6275
33198 38138 9842
60323 33501 6778
61629 44971 165
83260 28669 5829
50839 35743 3916
52837 24968 1520
13245 15345 9455
64256 32985 5493
74970 47992 226
73038 48823 9412
42523 83597 156
31666 23416 7821
73071 53665 5925
47147 42770 3636
36661 25440 5535
31137 16957 323
87694 96508 1663
74609 92818 1670
94348 16059 6371
97826 44050 8267
83919 85622 4779
95162 74284 4159
67322 16483 104
64967 25540 7292
39550 50283 6527
79342 77998 3436
62626 97314 2332
74998 25300 3769
27170 96862 5294
86454 71997 6406
31427 32754 4588
36470 53488 5112
54719 47782 7987
42588 84332 7131
51382 10752 8993
82984 17202 3422
69792 63648 7262
29797 22802 8833
71826 72484 6588
72362 26146 5638
54116 68769 1779
25062 16293 214
37182 74727 2747
78087 68916 9289
18227 22478 2773
13701 78295 6042
41243 14437 9595
96133 80640 9453
52753 82954 9802
78377 27200 445
10939 76500 3585
69414 49703 7735
22854 32243 2448
30381 92418 3141
81593 68076 6935
56663 34211 3125
11700 92319 7920
97400 48124 6747
69293 64689 4048
12276 43113 8546
38770 77049 5569
59258 94047 3852
86312 84908 8233
23820 90027 1404
65694 16076 1819
17321 33853 617
43372 41238 4460
83367 49930 6308
90352 47866 8256
22467 62972 9328
74785 64831 9189
30695 84769 8028
57597 85921 738
29584 80333 1595
65066 54158 7413
57926 66624 9529
93761 76044 6699
96137 12544 2740
74188 61601 3359
62083 70736 6812
99009 93683 4364
60812 32324 6472
45532 40639 3493
48576 61489 4010
44424 52583 8428
10515 29656 5098
79195 57534 3951
16316 93102 5389
78170 14850 1223
27561 16566 2813
34937 74083 3939
78875 72659 6961
10753 34389 5640
60410 90027 6247
54180 10142 5619
65900 16815 2037
18248 48903 4723
32951 12005 3440
64604 80597 1899
79743 18112 898
47195 88297 7723
43244 80216 5567
30870 42551 5267
61369 79615 5029
23968 71530 3846
18883 75172 2483
75802 46608 8566
77329 93584 7875
89308 48925 9761
38628 91912 2206
52279 21219 3410
43580 51752 8583
84408 11753 9104
37726 72390 2165
37381 70476 7877
77777 85249 3080
51412 65212 6914
55485 90424 9019
51132 26302 3784
44518 19026 8509
75820 87545 6882
94429 61970 9541
82988 16751 4166
29361 27262 3736
61061 35682 1813
31274 24164 8968
87759 79726 6133
72685 90094 1345
37951 34823 2917
92375 78853 2702
10785 96454 7159
25136 57201 1227
80407 77261 222
66316 33925 1301
63566 75365 4919
89326 74110 1601
18345 36365 3533
79598 59542 3488
27404 89724 8447
30116 33071 3182
77761 61645 705
59656 51217 7085
39833 79396 2571
18582 92784 1362
21630 13905 9728
31349 62177 9940
32193 28410 1459
82165 68451 3585
55140 17057 4067
77928 69421 1488
49962 13131 6237
24137 42955 7761
32570 67767 3543
74253 97779 5622
27992 94435 8044
11265 79083 2024
60362 70304 7960
16239 22943 9147
14925 64454 7731
44177 18794 6672
31262 74441 9366
50496 86957 5785
22362 23089 6640
83840 66050 1167
66589 20808 1881
21161 43648 4276
59841 58532 4918
12550 66108 3134
85009 93121 9008
14302 38767 9708
52015 35224 6199
19158 49433 1933
17938 62769 9143
38237 89227 874
46196 13667 2812
31549 79215 2286
47645 64236 6574
72583 36895 4336
99417 30018 6530
83903 74678 9314
50775 25954 1557
25370 52585 3902
20149 50696 8247
35380 66656 536
29915 38505 6213
20770 93420 9886
73331 23344 2832
64603 49772 5639
31874 31479 5197
57811 76318 7829
59171 41730 959
55539 40775 6331
82308 68049 3076
95653 94950 2286
71518 41731 1946
10971 94785 649
12722 13269 938
84961 16530 6192
94128 53421 6954
80097 62650 7812
63727 45655 978
72198 90962 574
49841 57897 3071
81606 33870 1868
28774 92414 2663
50549 45350 419
51620 62576 591
17857 64838 8978
39063 82241 7943
14162 52295 6845
92631 11234 9592
10320 58780 8289
84069 85965 7421
23060 86963 8377
72472 96437 2611
44698 95390 1992
10135 13270 77
25587 48435 1182
55605 59293 5700
96552 16385 8542
93315 18853 212
62130 92100 7708
71125 72358 5405
61512 61948 4304
29440 18867 1480
77869 99986 1581
34967 66319 5140
37118 96071 1113
45638 78597 3130
49906 45683 2163
72589 78818 229
71587 38996 8272
16587 75300 3274
31502 12413 3506
43212 66307 210
96184 90281 3888
51894 99455 1592
72806 39792 3867
96503 56147 7825
28184 78304 7812
92489 42410 7495
75609 35206 2210
64922 90238 4812
80518 78827 7044
97130 15772 4368
33838 95428 517
58338 57553 8992
84648 20731 6543
53716 49102 5874
69601 65809 3572
30884 13413 1913
69560 44522 4471
37696 81304 1684
80976 88476 3139
61871 44524 9231
93960 27551 1040
10675 18652 1543
10240 34013 7074
22356 66206 7736
34654 44181 3128
60373 33210 5209
63894 73582 8306
70072 71032 5492
33810 97518 8440
35221 59895 8856
32898 92658 1045
80921 57751 3963
38240 50216 3891
96797 90211 5835
76043 11873 5297
80930 48117 6532
20597 39361 6927
16263 74324 4464
92020 63987 7713
80261 63831 5064
68839 50264 5737
29656 99342 6032
82494 66467 9767
24856 76535 8807
27062 39147 2982
56898 96654 9098
60261 69516 9817
45262 74345 5255
98311 93937 1755
17380 14211 4774
36205 95837 6778
27311 54571 5956
54059 81085 8633
49535 96401 5016
34534 93490 2985
72578 36603 1142
75195 62510 4088
32264 72283 3202
42319 28914 4473
56517 27913 9829
60725 79331 7959
11899 65106 7227
70557 59727 152
78597 57498 7998
20605 63039 4375
49899 67151 7849
18170 35854 7574
82682 42107 9711
67671 76405 5658
58928 47437 1593
86769 45618 6919
58570 20896 3941
51885 66291 6085
23268 43604 7554
14172 18815 606
27170 33315 3963
61258 13713 5800
41685 65982 3328
93754 62630 1999
78334 59039 9197
32269 67480 7771
19089 66879 4086
22651 96874 1276
63564 83391 254
58651 61543 540
37586 42719 4382
38749 62502 379
75942 71435 3187
39414 71177 8685
26090 50542 6117
59381 86960 1292
75505 92733 7093
66208 86606 9591
26143 84493 352
61528 16130 5956
28085 41081 2578
90619 97540 7301
18364 76804 471
60899 29274 8127
28614 13616 9005
53991 39459 4553
54222 91334 2651
47567 79947 6673
61680 59794 9145
94684 90323 6653
75343 86891 1085
55337 73786 49
91114 26635 5850
37389 59675 4183
63958 10919 3752
83765 54887 4609
63910 80156 134
29487 37709 1460
54042 95611 5875
29809 65612 8094
95561 31774 9200
61475 57500 2916
37815 57800 9710
41361 40957 425
25733 12178 9946
82218 91418 1116
86648 82934 3768
36157 22420 1065
95254 74755 4833
52112 95837 881
41173 41305 8336
73708 56339 7197
56318 89935 4359
18893 70289 312
82148 56630 8411
36308 27079 9974
55619 70070 6443
90574 51057 6797
26639 14883 4445
25383 56647 8691
26033 62623 5750
19691 45509 5088
82378 44401 7971
50403 88907 9059
76315 24477 2441
78919 54556 6859
90447 14248 2333
94292 42988 7809
75636 58473 9907
67660 89367 2786
85888 75690 4046
71512 50392 4060
99708 16902 9376
53294 34193 147
29008 42868 3058
46816 76956 2892
16555 59360 3502
91857 82393 1815
13522 89556 8993
41513 63689 2401
35268 80994 5808
17149 40009 5054
13280 18946 3366
34916 66317 1832
48999 91938 7892
26690 77946 4850
94512 89007 6063
55784 53388 7490
95701 39154 9680
87760 65262 9968
16319 25847 3221
86515 15796 4877
21356 19174 2732
62311 10611 5461
97645 88062 6059
72778 90906 8876
65610 47271 2770
78041 98582 6638
26772 45517 5125
97889 42394 9726
70397 63769 315
73195 58282 4073
87429 97958 3059
80297 53298 9070
25683 65284 2769
43803 10799 8686
25586 76589 2585
69659 74920 5734
66337 20724 7671
35996 26279 8913
79287 14461 6104
11669 22930 3248
47353 46919 7299
23445 24039 1675
14491 88324 7892
99823 88110 4049
59744 10300 7404
71528 39599 7243
29915 13107 7661
37628 65865 8826
13196 65415 5204
88920 72932 1204
54527 34005 3508
10194 66032 6221
76721 82485 5302
87350 67100 7225
79311 39045 9695
95025 13500 3650
35528 93628 1761
52345 28699 4998
20162 69119 1267
84887 77033 9615
46864 47271 2255
52656 83352 4828
89855 15772 3323
98171 42475 3972
92652 49736 9659
16031 18719 8209
14630 82838 2327
94503 27748 4782
43233 51878 9199
26108 79412 6430
37312 46422 1585
61963 53629 2307
40152 41120 1675
24855 12831 6307
78721 94110 5282
20731 88386 8426
29794 14545 8709
98801 53236 5463
44404 21065 6304
88591 69105 3935
75804 46271 2714
78490 17131 654
62226 14769 6243
62942 27016 1613
47602 54462 6961
20058 22810 5479
59451 78355 335
63472 44360 7085
26662 62442 7519
87006 24578 1859
64588 29245 4428
14885 84922 4881
56321 60171 1480
80866 39628 3553
95827 63697 2360
84407 33902 1842
92673 15222 8212
85337 28227 3515
55469 25510 5073
50052 39707 5784
26815 68845 3108
71062 66326 4236
68676 76110 4355
41263 41868 4536
84874 14622 217
69877 79953 4262
95565 88471 8057
15751 25087 6521
69654 95300 633
23572 10607 934
34204 89332 8447
28407 46617 1474
28735 10690 9279
96405 95032 6328
64033 61768 4900
20381 47366 5639
11979 24795 4256
71553 42203 6834
23486 65887 2990
95097 28027 74
77483 31471 6585
32890 20625 3567
75741 22793 6687
33277 60609 9498
55353 48420 7359
43726 92266 1195
85626 75800 8020
37654 17226 8116
77034 67755 6631
97518 57840 2803
45894 94092 7376
10898 96858 4213
53971 55934 895
86338 92159 2940
96398 54026 9938
58774 64808 6674
79849 14406 281
55206 95852 4658
94106 65698 7775
25453 98820 9968
75686 38137 1591
34560 14810 1764
88156 28533 5295
50596 53606 4695
40334 85063 8517
99092 19380 1669
82000 94406 7554
34832 80777 1487
37812 34980 6100
26522 19976 9278
79510 68890 1781
88898 60386 2085
53708 96068 3720
32586 51183 5831
44195 82527 1814
13988 44096 2343
27173 85962 4541
64320 90040 4200
77611 27508 9591
76061 69559 2886
30324 42365 3792
13374 75582 1175
99693 50021 8353
42624 65454 7989
23306 33829 492
13344 59105 1410
80434 99270 6705
44233 33055 257
95256 98956 2688
82923 74173 4963
69274 32852 3677
27901 68673 8456
38482 85801 4770
81746 51687 6948
55295 49679 3808
31501 65524 5362
74559 69525 1261
23564 36196 1545
84706 17333 9507
38461 65985 3083
72798 27102 2846
26186 30865 3912
85804 69041 6791
95646 22460 4320
97838 11262 4414
11574 66791 6620
64453 43070 5015
39038 88252 8729
34529 53358 614
31629 12080 8631
51237 92675 5165
16446 97656 6794
31651 21176 3942
13883 68271 2211
97926 52078 3426
23943 89544 4664
11525 99091 2758
21345 74652 8931
15168 95043 8943
71072 53927 9419
69041 59560 5622
12761 46677 5232
96452 73810 8468
92472 15715 7088
53982 54270 1366
82692 60530 6633
25642 96070 7996
20740 25365 1582
47700 34263 9106
97886 78326 2046
52892 71336 1385
78861 88229 3503
85831 77899 3271
39549 51001 4610
68503 89564 5543
84718 67623 7413
10501 86009 5461
66972 17374 7557
72641 96913 6553
29577 43184 5515
77715 25904 9868
72057 21609 5797
19550 48980 76
13215 64797 3707
45456 37257 8588
83151 33106 2311
72869 22377 7420
62465 75803 1681
10566 22926 5167
47978 34870 745
35918 69508 6795
24325 11554 1915
64797 60500 1879
19768 77704 8905
64730 25642 1016
12989 55212 4683
11016 74672 2605
60858 49453 6913
64594 56119 6093
61596 61840 9916
56107 88865 5012
65662 50574 4629
17086 28766 3588
79656 45934 7317
49408 74224 3522
57289 43924 4801
34918 99853 6075
36705 90396 7748
37364 25703 4709
67122 47031 9199
89727 63508 5451
81646 22659 7295
72433 32986 9352
68770 20418 5613
10292 48275 7993
40471 80782 6588
50536 50476 9811
21877 80980 6423
43558 33980 2863
33649 21576 7966
45616 33795 661
46126 10005 7617
84064 88936 6055
25511 29034 7070
82741 60953 9813
37231 48927 7685
23177 71425 2394
79003 37179 9478
74677 33455 8393
38289 40613 5653
67670 74108 2405
85986 92948 983
47989 53210 8815
42402 29871 7480
28230 20318 8257
31954 33328 6020
29540 16435 7854
11393 11265 7558
80262 10675 2025
27478 30741 5612
54653 26128 3783
37243 77541 7737
99136 93147 9014
23462 38169 288
39518 85337 278
69204 55621 9439
32052 11649 8369
11525 51693 9315
82373 72896 150
16970 89992 9280
97491 66417 7894
83853 83892 6729
18984 86538 1671
66140 17552 5653
56874 51224 8160
18414 54190 1953
89262 23606 7039
18147 98776 5182
50558 33697 7130
66856 18546 5986
72700 49012 3999
99775 99353 2179
39884 45915 3275
20490 98592 3456
58193 30680 2643
28798 57958 824
94543 82997 4128
59201 17029 1156
23839 87079 1045
48397 71573 1203
29532 40819 7229
50533 54857 9953
13653 46971 2762
77389 47644 4965
19254 79675 2134
54803 82869 3173
15859 23626 88
44428 63469 7291
99089 65414 5044
35629 88591 452
53400 74658 1986
77320 11871 5724
64661 31673 2203
61636 14001 1536
70109 28174 6151
42684 23605 978
33472 41020 837
59346 66969 9511
11927 98151 5730
21022 38654 6460
66905 84770 5542
27781 22619 71
32919 89624 8003
55097 75894 4900
35488 22931 8107
29592 98065 6293
57696 19868 2815
36107 22650 7143
63342 28553 6872
51892 76457 8458
94092 38303 7385
67612 96705 4369
57286 21795 5929
53220 90110 9500
43136 93828 8652
53776 68570 712
62179 17508 9168
38575 91730 5456
71375 35847 6901
25218 23883 8687
10258 19978 5068
78048 25857 4554
18991 70079 6501
37345 56046 450
80167 69065 8636
54739 13110 7391
65082 99429 8882
97547 20922 1799
96670 98204 9659
14776 73555 2327
45590 91937 4542
44002 45024 1275
88027 79861 3768
47847 66219 295
95722 98851 4951
51025 90154 596
32761 77983 1339
40407 77459 4133
25072 72882 2003
51009 58961 7704
37224 99954 9845
25841 66716 5952
79388 42721 1791
53977 14098 8876
10218 77839 630
81180 68404 5062
40466 84223 6329
94298 26090 505
19626 73341 342
19474 67529 7743
37363 73645 2954
63609 24707 5835
93558 88186 730
96997 20458 3105
44385 61421 2155
74848 96842 3421
58702 94488 7881
12685 30716 518
29710 72693 294
28831 75710 2401
23662 79004 6027
96350 34446 2368
22966 14254 4896
12251 71010 7541
57838 88555 7269
69754 98844 824
48114 20859 1856
70640 17490 6362
70885 21871 6702
18531 61180 7328
10896 32070 5590
38945 93312 9949
50175 76181 7555
34147 14538 8419
28135 33557 5608
91439 35497 9091
99559 39887 451
32306 32177 1515
22246 58167 8640
27400 74947 230
41706 89156 5013
22285 37448 551
67589 11005 7397
34654 90666 57
64839 80551 658
95639 48643 2651
70576 63516 3687
53729 48687 6003
66916 58900 727
87722 15304 2633
71945 16877 8694
70550 72734 500
13140 21147 3522
13892 23488 9308
31036 91597 2666
32305 30425 7054
26984 92361 6141
73933 59706 2915
25161 94345 4334
33991 96118 6249
51551 45681 3779
31592 27817 5188
43539 63062 6749
26015 84882 3551
63217 66456 7337
28870 85625 1263
39985 84789 8988
93504 76466 821
11456 11820 5096
31713 79005 1637
20627 30548 9602
94291 52311 6246
45230 65472 9452
93044 87514 8689
66024 32722 6052
68083 70821 1149
94159 30295 4388
84622 83796 9766
53992 34594 2766
63477 21380 5175
10981 32978 8951
32411 10964 6541
11149 80902 6437
70478 42089 6449
15213 32011 3092
86421 77607 1401
89886 25537 5608
15982 68090 8347
37522 24041 5165
66818 90030 9691
51529 39534 2207
31660 41648 5864
50097 33906 2846
15274 44503 1699
49065 92412 8839
31274 46359 6579
49230 89838 4973
67821 83091 3848
90283 87794 774
73516 28714 2910
48092 39598 615
39403 36162 8436
69594 80736 8375
40340 99300 8273
67236 43439 4680
32244 27161 3501
44827 19313 1546
34262 91770 996
67231 25274 2529
77603 92030 7537
26956 95931 7664
31867 81621 2346
88105 41313 161
90826 40054 9640
98949 76500 4863
22474 99644 4267
85425 70243 8259
82517 76419 3173
37552 69353 8783
29192 42415 1521
86838 13001 2302
95465 35941 1296
67309 86320 8128
10242 77362 1841
29156 70077 1808
61479 69199 4345
77231 58353 2628
53079 39912 6448
33359 30457 6990
52486 89545 1564
82915 80270 2987
95159 90645 8079
83137 15721 3011
86674 88809 8533
81926 26779 6949
23692 64378 2984
96103 23311 5985
37898 85316 1464
10272 43532 3220
63076 71242 2238
62857 31626 8750
79735 76607 4309
42913 81608 2692
54845 83297 7310
96261 20769 8245
13129 98287 256
68559 62838 2255
57060 79572 7225
89428 97586 5663
38931 77299 6642
84717 51479 8632
78415 38347 7224
29236 44281 4166
38768 57599 7198
28546 45656 7258
92873 91641 1980
59929 75596 3244
34533 58351 4350
87276 69724 741
87227 30662 5358
26506 88554 8181
77123 30231 22
32641 29905 9644
76662 61472 7366
54908 18528 5045
41481 72471 4945
66626 88772 5696
66664 89136 3505
97719 24282 4491
17359 42974 797
45675 69696 3987
98818 60712 404
80469 46879 1816
87822 44449 9538
72557 42415 8862
24198 30096 1947
30641 11195 4836
53777 95743 9922
47775 63578 2248
37081 29913 8419
57814 46289 1752
58494 24813 605
35961 18781 5071
20132 67028 5099
50103 87071 3407
91459 21214 3592
36799 74022 3756
76110 71053 1780
69651 51944 6007
38620 11480 8877
20101 27352 5033
60626 24568 4397
13403 55686 6154
28268 24003 7606
64299 83877 3398
72259 44187 1337
29402 59279 8568
69514 68620 9176
95667 22883 3476
88575 61949 2180
58555 78274 7315
96807 12056 9337
24074 86610 5627
66160 93101 2919
54488 62215 9578
34776 93578 7427
97119 30682 3466
52458 20806 4256
90996 85499 7988
25271 31428 712
62564 90706 449
81465 35406 512
39641 39332 4794
39892 25494 2723
32923 71549 8281
21544 97403 1945
87061 85185 1096
76242 69995 5428
24270 87180 3462
72882 36623 346
61591 91886 7974
24615 45673 8572
93548 84935 3211
55856 54931 6304
32015 43265 5045
44382 64075 92
84213 42641 9570
19489 40896 2677
82217 19584 1115
63591 71680 9723
23693 50923 6875
84598 14406 144
38254 98009 5531
74918 66542 6086
31380 74828 6776
59445 83166 4819
84966 95745 1832
52940 32717 2253
93597 84403 5311
34133 71401 6658
97768 81090 61
69539 90458 8322
39570 51070 4930
46035 91900 6249
88133 30660 3088
60105 50976 5488
54192 87488 3578
74860 64205 4555
40985 98443 9685
33897 75857 35
88516 27681 3322
46220 27680 8910
14591 81522 4571
60817 28541 6818
88243 76673 7900
85870 33453 2042
26287 35792 953
43628 17454 8918
82446 52901 1849
54466 72917 9097
39596 36382 2890
62761 25438 7696
59625 20655 7559
24032 37286 2482
60028 94982 9
67555 99796 5738
28264 93759 4648
21842 13905 4397
61858 18027 5701
73447 34556 4165
83376 36682 8647
59348 11129 4784
20255 83215 3280
58424 38895 7242
10451 80855 1107
37228 47508 7551
86789 88506 3865
92215 99518 1125
90341 89945 7575
86103 59738 6531
66920 46552 5574
54539 82642 7034
39792 52784 1780
21964 78284 5527
23598 73682 8122
63802 84784 7138
34762 91366 9046
54703 75050 2380
76259 59843 6042
51364 98876 501
18103 56393 1344
47810 55872 1089
79683 48428 8523
58147 72528 1230
14389 98217 6187
70006 90693 7528
55189 37717 217
95148 64335 6549
40771 67705 3582
60693 25960 1607
79649 71000 5278
92122 33303 1074
16493 30594 5616
30056 10399 2585
64230 10395 3875
61106 87982 7861
75022 23899 1217
64885 89188 4178
17461 53156 2596
23134 61453 3477
93165 64209 2644
30378 49239 1977
33380 24697 6637
16629 15521 7788
95102 10220 345
10750 68019 1993
23170 71354 778
12589 23661 395
24867 29247 7516
30478 52957 4359
76958 23449 8014
69673 23879 5857
10733 37668 5847
29431 54110 9312
70810 24054 6520
61358 79392 3030
80289 48256 8656
33792 60794 6324
31962 33261 5937
23907 89672 3227
67125 99190 7003
32701 40701 8188
17216 76698 8075
21943 26161 1115
24846 35953 7161
23959 26810 2314
99140 81640 1841
13681 71094 7360
90752 71060 8546
78170 44408 8428
72808 47154 6499
96965 35794 8097
26778 44953 6097
53434 18254 9328
70841 24160 9349
19956 65155 680
92785 82958 9683
53270 44008 6462
88332 18390 4756
50100 93314 1989
46979 85823 3037
42338 12336 9889
42804 48741 2541
13684 81356 9225
93116 95789 9626
92230 94998 4008
77144 74064 4779
90734 67063 6854
42365 44299 785
95003 75864 3457
11301 32338 624
46173 82654 3102
21521 12852 3358
63401 69493 1811
90434 48605 3913
56533 33617 8832
95988 55038 492
39184 27936 7721
99098 19087 3683
57871 30199 77
71960 29580 7584
63490 41185 7762
17459 95690 5756
24275 92630 2446
54465 59592 9989
52841 68338 154
20304 63627 323
71860 29036 9673
40814 98551 7080
54805 27560 1515
44195 60938 4263
96496 61341 414
33927 17444 9788
66492 83935 8967
73320 50180 9767
95599 83952 7119
93100 20304 9414
71449 51798 9427
81346 95991 7568
36162 36849 845
56481 17928 2052
10358 12090 4343
58305 88986 2420
51579 69975 7979
67871 46966 5057
62864 71376 7735
41160 24531 2106
41945 46887 5758
72618 83589 9835
54921 93138 2245
99467 43392 9547
68789 28526 4180
60548 87300 8024
22016 41314 7428
80552 63913 149
31671 61696 7348
87674 80584 587
34096 85676 3716
72805 89832 5221
47684 83698 4500
55259 48619 8495
75896 70871 9308
55531 60450 4171
17524 12973 5730
31630 25540 9995
71859 60060 9304
83914 22731 5014
88074 23619 6194
87761 23723 8077
59125 72242 1272
12249 89758 5077
52801 61465 1064
50851 41876 2533
47894 80245 5700
94715 58763 4042
59236 61892 7021
58079 13015 9803
72349 53675 3230
92475 66645 4406
39401 48496 4559
15079 22565 8512
10598 51899 9759
67981 38336 992
60758 65594 1758
92564 62650 8628
95975 34623 6342
33021 30504 7429
17051 63518 4764
91483 41416 8729
21679 55754 2544
29591 66989 6439
11941 49809 3035
63331 45596 1299
57172 29448 5146
80107 68603 7229
18831 79413 495
48136 39140 4918
53154 66549 3514
75707 40469 2871
64314 72715 7045
23067 89825 3476
51946 44649 7328
74646 64745 5282
62656 33618 9152
57014 43350 2204
74317 29615 8426
75504 29933 8902
64922 52621 6470
37964 70467 3412
12957 61062 887
65227 58692 5464
18930 32960 4028
98091 13615 6013
20801 37929 6627
19191 84531 6695
35843 10011 97
26838 90782 7799
48077 23863 9887
65240 57295 507
22524 31036 9020
15110 10547 8371
35713 85510 907
83209 62939 8372
72973 19260 6193
45695 76940 3662
17990 82817 9916
41188 74823 1562
97131 32408 3539
30822 86380 4503
12899 91815 550
47000 83792 6727
98866 99530 9095
74481 10886 8416
53944 57682 9462
72861 67115 1125
96439 81167 1913
45644 68247 8444
10584 43798 343
74409 73799 5274
65652 46718 9269
31638 27938 4983
83408 70966 992
40072 98879 856
34573 55158 3340
86729 48132 3200
54417 23913 6085
51298 63303 4097
77726 91911 9014
99428 78523 9622
82910 81517 2832
91680 84025 8907
83649 61293 4722
34907 79113 4511
98294 45171 2405
78099 89301 2806
61570 92119 2938
97006 48616 7899
81017 75275 1516
65571 65419 3286
74781 16088 9954
29181 21262 697
44686 55370 164
19490 37707 6927
89782 50502 8063
53889 78162 3176
38552 13667 2367
83635 91650 2462
56905 37459 8149
79358 35045 8551
21027 60095 5054
88482 28794 4553
40954 14843 2805
62858 79196 8310
42879 38150 2656
19440 14468 7013
80763 42274 9002
90777 14415 9775
91652 59623 7010
99787 55168 7745
75154 88415 2262
21438 33442 2272
97629 60803 9658
92070 71100 8684
23828 49074 7531
59925 81771 1699
44820 27495 6515
60088 38224 2650
25765 38322 9183
74344 17811 7146
87599 12660 2047
58005 43406 1857
99415 48877 2363
26723 89307 8048
79099 84376 5233
61063 93620 8097
84092 11398 3979
53848 40098 8876
20353 20835 1067
85270 34786 4057
65512 63561 3856
90752 56542 5276
98902 53684 5594
69990 98676 4938
12061 53893 1942
48235 38002 8473
75791 31962 9959
51100 64163 3203
34286 48451 8591
24331 83010 7847
87569 53400 5286
86466 93807 180
10648 35008 4573
52156 47697 1012